coreless_battery00004788 0.9910814762115479 0 600 92 727
coreless_battery00005628 0.9898311495780945 1805 779 1963 883
core_battery00004096 0.9687627553939819 1774 491 1900 658
core_battery00001350 0.05175638943910599 1230 586 1286 704
coreless_battery00003303 0.9945144653320312 448 467 552 630
coreless_battery00002347 0.9925467371940613 90 337 300 445
coreless_battery00002347 0.7518600225448608 1603 483 1703 588
coreless_battery00005583 0.9951761960983276 88 600 202 759
coreless_battery00002806 0.9927654266357422 1317 532 1506 638
coreless_battery00002806 0.9924581050872803 1822 641 1989 798
coreless_battery00002806 0.9911602139472961 108 367 256 501
core_battery00000924 0.3893752992153168 308 614 462 742
core_battery00001272 0.981605589389801 58 391 210 494
core_battery00001272 0.799872636795044 103 782 221 883
core_battery00001272 0.2733509838581085 89 567 210 663
core_battery00001272 0.05252108722925186 144 394 214 483
coreless_battery00004196 0.9931589961051941 141 351 253 527
coreless_battery00004196 0.9906206130981445 1089 456 1198 643
coreless_battery00005843 0.9908304214477539 191 718 361 852
core_battery00000581 0.9930661916732788 788 708 923 834
coreless_battery00003642 0.9945375323295593 840 476 989 637
core_battery00002218 0.27876389026641846 703 524 704 626
core_battery00002218 0.15661004185676575 703 561 703 669
core_battery00002218 0.15496394038200378 703 536 703 645
core_battery00002218 0.060289569199085236 703 300 703 338
coreless_battery00000687 0.9958851933479309 435 481 522 633
coreless_battery00000687 0.21199284493923187 508 609 631 718
coreless_battery00000687 0.05506908893585205 424 460 568 698
coreless_battery00005373 0.9945104122161865 511 680 608 859
core_battery00004509 0.1671764850616455 1701 417 1798 546
coreless_battery00005436 0.9946868419647217 196 774 394 904
coreless_battery00005436 0.27876389026641846 1247 612 1248 667
coreless_battery00005436 0.18178722262382507 1247 584 1247 643
coreless_battery00005436 0.17193448543548584 1247 329 1247 388
coreless_battery00005436 0.17056827247142792 1247 639 1247 699
coreless_battery00005436 0.17019282281398773 1247 358 1247 418
coreless_battery00005436 0.17004449665546417 1247 362 1247 422
coreless_battery00005436 0.16834335029125214 1247 378 1247 438
coreless_battery00005436 0.07712983340024948 1247 300 1247 356
coreless_battery00005436 0.05018894001841545 1247 732 1247 795
coreless_battery00001592 0.9933698177337646 99 715 213 872
coreless_battery00001592 0.9933435916900635 640 766 818 892
coreless_battery00003702 0.1962932050228119 324 371 385 474
coreless_battery00003702 0.06849142163991928 336 377 366 473
coreless_battery00001644 0.9340657591819763 109 538 230 716
coreless_battery00001644 0.23644939064979553 130 601 237 712
coreless_battery00001958 0.9921417236328125 541 757 719 862
coreless_battery00002107 0.9870239496231079 80 433 174 556
coreless_battery00002107 0.9830752611160278 1822 386 1941 480
coreless_battery00002107 0.17487162351608276 109 446 157 553
coreless_battery00002107 0.07721856236457825 1845 394 1901 481
coreless_battery00001065 0.9886177182197571 604 319 754 414
coreless_battery00001527 0.9965460896492004 787 445 889 588
coreless_battery00005802 0.9935924410820007 62 640 290 783
coreless_battery00001760 0.9928701519966125 229 598 383 763
coreless_battery00003097 0.986994206905365 837 573 997 671
core_battery00005721 0.9899131059646606 1453 810 1601 928
coreless_battery00003550 0.9942666888237 102 835 300 954
coreless_battery00001632 0.992317795753479 301 630 406 794
coreless_battery00001632 0.8561656475067139 302 313 394 482
coreless_battery00001632 0.3166019916534424 315 371 396 470
coreless_battery00004533 0.9649136662483215 1427 722 1602 839
coreless_battery00001900 0.982239842414856 102 328 237 430
coreless_battery00000524 0.9883589744567871 157 699 354 809
coreless_battery00001480 0.8549095988273621 127 567 177 770
coreless_battery00001480 0.6093329787254333 146 570 171 771
coreless_battery00001480 0.37550270557403564 92 565 194 784
coreless_battery00001480 0.27859076857566833 126 574 153 765
coreless_battery00001726 0.9966471791267395 103 381 255 539
core_battery00001021 0.9188005924224854 1241 584 1336 749
core_battery00001021 0.050552915781736374 1267 611 1317 744
core_battery00005199 0.11639656871557236 949 471 1073 594
core_battery00005199 0.05432978644967079 796 668 907 751
core_battery00002254 0.0774916484951973 272 687 367 826
coreless_battery00002847 0.9954126477241516 1016 606 1159 790
coreless_battery00002847 0.9068351984024048 113 516 328 660
coreless_battery00002847 0.35750865936279297 202 532 447 668
core_battery00004671 0.9675410389900208 155 771 243 901
core_battery00004671 0.6308577656745911 37 764 257 901
core_battery00004671 0.05172819271683693 145 791 190 895
coreless_battery00003181 0.9924173355102539 487 740 656 835
coreless_battery00003181 0.99196457862854 692 647 779 826
coreless_battery00003181 0.30055639147758484 1417 360 1557 462
coreless_battery00003181 0.11116800457239151 472 674 841 855
coreless_battery00003435 0.5809096097946167 133 430 267 496
coreless_battery00005983 0.9948359727859497 338 596 454 756
coreless_battery00005983 0.12104303389787674 148 501 222 617
coreless_battery00005983 0.05467349663376808 126 477 337 624
coreless_battery00002126 0.9950681924819946 863 483 1061 593
coreless_battery00004155 0.9929553866386414 1199 478 1293 631
coreless_battery00004155 0.9914610385894775 1145 325 1252 475
coreless_battery00004155 0.16287855803966522 1170 300 1297 677
coreless_battery00004155 0.1337978094816208 1220 486 1269 629
coreless_battery00004798 0.9952566027641296 97 369 205 536
coreless_battery00005314 0.9817618131637573 82 764 250 858
coreless_battery00005314 0.2483595460653305 99 426 196 599
coreless_battery00000485 0.9863909482955933 1055 519 1195 622
coreless_battery00000485 0.05812886357307434 1123 520 1187 612
coreless_battery00001625 0.9933013916015625 872 558 1026 662
coreless_battery00001553 0.9858413934707642 177 330 349 422
coreless_battery00001553 0.05482286959886551 248 331 338 430
coreless_battery00005483 0.9940371513366699 148 342 280 560
coreless_battery00005483 0.055296044796705246 165 432 284 543
coreless_battery00003324 0.9932060241699219 192 639 351 731
coreless_battery00003324 0.1054900586605072 978 731 1102 822
core_battery00004713 0.8501149415969849 1540 522 1661 625
core_battery00004713 0.13328251242637634 1430 518 1692 637
coreless_battery00001097 0.9863179922103882 446 496 618 579
core_battery00000595 0.4820391833782196 117 482 203 558
coreless_battery00004007 0.9954588413238525 154 419 351 561
coreless_battery00004007 0.17803899943828583 143 711 241 844
coreless_battery00001923 0.9956798553466797 244 713 337 884
core_battery00003865 0.1430351287126541 902 617 986 786
coreless_battery00004906 0.9937508702278137 611 749 795 893
coreless_battery00000288 0.9457715749740601 217 699 323 887
coreless_battery00001494 0.9937684535980225 101 762 279 901
coreless_battery00003544 0.9952228665351868 60 502 157 713
coreless_battery00001602 0.9944114089012146 180 373 280 564
coreless_battery00001602 0.6157252788543701 213 750 355 889
coreless_battery00001602 0.06236834451556206 185 461 285 558
coreless_battery00002927 0.9917603135108948 187 877 360 966
coreless_battery00002927 0.32887691259384155 65 786 165 941
coreless_battery00002927 0.32772040367126465 116 861 397 972
coreless_battery00002927 0.05083280801773071 95 784 144 943
coreless_battery00004956 0.9951586127281189 149 469 268 652
coreless_battery00005638 0.9949427247047424 213 527 392 677
coreless_battery00005638 0.9945223331451416 539 384 639 531
coreless_battery00005638 0.26718100905418396 500 387 728 538
coreless_battery00003110 0.9859611988067627 912 780 1057 932
coreless_battery00003110 0.36171838641166687 890 794 1162 938
coreless_battery00002085 0.9875349998474121 869 431 970 588
coreless_battery00000278 0.9841857552528381 961 474 1110 571
coreless_battery00000278 0.07486134022474289 964 401 1107 606
coreless_battery00001624 0.989403486251831 197 372 388 472
coreless_battery00001624 0.2301982194185257 95 429 266 483
coreless_battery00001624 0.1720149964094162 98 373 428 488
core_battery00005903 0.27876389026641846 767 585 768 642
core_battery00005903 0.27876389026641846 767 381 768 438
core_battery00005903 0.27876389026641846 767 376 768 434
core_battery00005903 0.27876389026641846 767 368 768 426
core_battery00005903 0.16952267289161682 767 607 767 667
core_battery00005903 0.16737139225006104 767 591 767 652
core_battery00005903 0.08343502879142761 767 700 767 764
core_battery00005903 0.08327168971300125 767 663 767 728
coreless_battery00004234 0.9955247640609741 168 616 313 762
core_battery00002560 0.3500593304634094 202 467 330 632
coreless_battery00005096 0.9952810406684875 92 376 194 533
coreless_battery00005096 0.9942398071289062 1664 782 1853 918
coreless_battery00005096 0.1650944948196411 1268 628 1345 743
coreless_battery00000982 0.9933004379272461 862 381 1029 468
core_battery00003319 0.7036299705505371 123 779 275 878
coreless_battery00004003 0.9926431775093079 138 384 311 472
coreless_battery00001378 0.9684685468673706 1236 362 1406 449
core_battery00004685 0.08825014531612396 69 652 131 817
coreless_battery00001301 0.9926981329917908 424 566 626 694
coreless_battery00004071 0.994513750076294 406 600 606 709
coreless_battery00000436 0.9942833781242371 94 501 242 682
coreless_battery00004909 0.9941903352737427 331 620 536 770
coreless_battery00002595 0.9946095943450928 79 463 178 650
coreless_battery00002595 0.27876389026641846 1023 486 1024 542
coreless_battery00002595 0.17965194582939148 1023 460 1023 517
coreless_battery00002595 0.16798366606235504 1023 571 1023 631
coreless_battery00002595 0.1665136069059372 1023 488 1023 548
coreless_battery00002595 0.09991464763879776 1023 452 1023 512
coreless_battery00002595 0.08150939643383026 1023 545 1023 610
coreless_battery00002595 0.07983217388391495 1023 506 1023 571
core_battery00002377 0.11096407473087311 876 519 913 691
core_battery00002377 0.10247231274843216 882 538 903 680
core_battery00002377 0.0708179697394371 836 598 903 786
coreless_battery00002641 0.9902997016906738 70 632 240 754
coreless_battery00002641 0.6876695156097412 162 403 306 509
coreless_battery00002641 0.6584181189537048 41 592 293 772
coreless_battery00005883 0.9965206384658813 229 616 345 778
coreless_battery00000295 0.9888306260108948 565 461 730 579
coreless_battery00000295 0.10767550021409988 613 464 703 571
core_battery00002285 0.6930888295173645 434 352 541 506
coreless_battery00000984 0.974743664264679 1570 367 1725 476
coreless_battery00000984 0.2589104473590851 790 756 942 828
core_battery00005229 0.14249765872955322 181 715 334 783
core_battery00001682 0.5505595207214355 1049 529 1133 608
core_battery00001682 0.1758580207824707 1230 650 1271 714
core_battery00001682 0.14144913852214813 613 525 698 733
core_battery00003596 0.873136043548584 224 359 382 451
core_battery00003596 0.15916964411735535 61 774 146 846
core_battery00005622 0.16929075121879578 1464 626 1563 719
core_battery00001394 0.10249540209770203 260 460 360 729
core_battery00001394 0.05914706364274025 257 433 339 639
core_battery00001394 0.05840511620044708 271 559 363 712
coreless_battery00001636 0.9858901500701904 312 368 486 461
coreless_battery00001636 0.9858728647232056 1633 377 1823 472
coreless_battery00001636 0.33388686180114746 461 596 555 706
coreless_battery00002521 0.933861494064331 638 749 817 895
coreless_battery00002521 0.08425650745630264 633 776 803 856
coreless_battery00002521 0.06436415016651154 552 729 844 914
coreless_battery00000851 0.9951428174972534 151 770 341 902
core_battery00002460 0.058522604405879974 50 385 252 418
core_battery00006024 0.9601913690567017 1201 705 1330 873
core_battery00006024 0.07206061482429504 1191 586 1347 909
coreless_battery00004451 0.99456787109375 417 598 586 764
coreless_battery00004738 0.9853147268295288 297 711 391 821
coreless_battery00004738 0.8984783291816711 133 328 244 427
core_battery00002118 0.2752607762813568 279 500 480 592
core_battery00005725 0.17823682725429535 38 686 230 831
core_battery00005725 0.051419448107481 673 743 791 791
coreless_battery00002795 0.9511674046516418 69 609 239 739
coreless_battery00002795 0.8148467540740967 348 652 406 871
coreless_battery00002795 0.14201916754245758 363 639 381 861
coreless_battery00002795 0.1030362993478775 77 618 166 754
coreless_battery00002795 0.08435264229774475 123 780 289 889
coreless_battery00002795 0.07965969294309616 375 644 395 872
coreless_battery00001525 0.9927316308021545 958 631 1062 780
coreless_battery00001525 0.8793838620185852 1086 715 1217 874
coreless_battery00001525 0.07665695250034332 1012 627 1062 776
coreless_battery00001525 0.06300324946641922 956 675 1242 853
coreless_battery00004348 0.9861485958099365 1674 462 1840 547
coreless_battery00000868 0.9760421514511108 989 558 1066 673
coreless_battery00000868 0.2341860830783844 1023 567 1063 667
coreless_battery00000868 0.08322688192129135 990 562 1030 664
coreless_battery00002185 0.9927398562431335 99 494 270 598
coreless_battery00002185 0.07661110907793045 765 437 858 487
core_battery00001395 0.9248183369636536 1775 747 1887 835
core_battery00001395 0.08414772897958755 1799 752 1853 836
coreless_battery00005711 0.9938257932662964 197 338 351 525
coreless_battery00003965 0.9880843758583069 1672 715 1860 847
coreless_battery00003965 0.3421832025051117 178 300 260 375
coreless_battery00003965 0.06082790344953537 99 615 211 754
core_battery00000639 0.5382389426231384 782 615 889 759
core_battery00001475 0.9945451021194458 286 474 454 614
core_battery00001475 0.4104551076889038 124 464 537 611
coreless_battery00003426 0.9960796236991882 459 527 591 742
coreless_battery00003426 0.1682436615228653 1222 672 1341 841
coreless_battery00003426 0.10420389473438263 256 620 408 734
coreless_battery00003426 0.057632461190223694 298 534 645 730
coreless_battery00003426 0.05159994959831238 473 624 590 733
coreless_battery00005285 0.9911963939666748 226 579 389 691
coreless_battery00002092 0.9953303337097168 134 411 312 539
coreless_battery00002841 0.981619119644165 298 373 431 512
coreless_battery00001547 0.9911072850227356 72 802 245 902
coreless_battery00001547 0.4443679451942444 571 477 666 541
core_battery00005949 0.9599016904830933 1641 411 1767 489
core_battery00005949 0.11635874211788177 1453 381 1790 482
core_battery00005994 0.8270391821861267 122 569 238 740
coreless_battery00002609 0.9927035570144653 190 773 360 892
coreless_battery00002609 0.27876389026641846 991 323 992 379
coreless_battery00002609 0.1734461933374405 991 578 991 638
core_battery00001705 0.5699700117111206 1819 576 1906 670
core_battery00001705 0.29786810278892517 1841 569 1888 664
coreless_battery00001545 0.9453654885292053 542 603 679 726
coreless_battery00001545 0.30312326550483704 548 560 680 859
coreless_battery00001545 0.19436685740947723 558 722 658 888
coreless_battery00001545 0.10688897967338562 684 446 772 482
coreless_battery00001545 0.06663870066404343 556 639 659 720
coreless_battery00001545 0.062268227338790894 572 627 682 703
coreless_battery00001545 0.05472295731306076 557 612 621 727
coreless_battery00004241 0.9528946280479431 94 669 259 731
core_battery00003940 0.0985356941819191 249 462 339 592
coreless_battery00005532 0.9911221265792847 375 466 501 564
coreless_battery00005532 0.05293459817767143 315 454 526 578
coreless_battery00004835 0.9893060326576233 1353 686 1508 797
coreless_battery00001586 0.9937770366668701 172 361 353 473
coreless_battery00001586 0.655063271522522 216 500 345 621
coreless_battery00001586 0.4781697690486908 249 733 354 835
coreless_battery00001586 0.07062853127717972 103 518 212 666
core_battery00001163 0.27876389026641846 1023 451 1024 511
core_battery00001163 0.27876389026641846 1023 713 1024 770
core_battery00001163 0.17244847118854523 1023 707 1023 768
core_battery00001163 0.1680615395307541 1023 545 1023 606
core_battery00001163 0.1678190380334854 1023 537 1023 598
core_battery00001163 0.16777564585208893 1023 508 1023 570
core_battery00001163 0.16768094897270203 1023 484 1023 547
core_battery00001163 0.166615828871727 1023 469 1023 532
core_battery00001163 0.1656581312417984 1023 453 1023 516
core_battery00001163 0.1595429629087448 1023 848 1023 958
core_battery00001163 0.15506106615066528 1023 300 1023 396
core_battery00001163 0.08723286539316177 1023 701 1023 765
core_battery00001163 0.08226511627435684 1023 563 1023 628
coreless_battery00005693 0.9922609925270081 763 450 865 627
coreless_battery00005693 0.9515106081962585 1487 708 1626 823
core_battery00005500 0.14758726954460144 206 588 331 718
coreless_battery00005308 0.9924749732017517 106 690 229 885
core_battery00001756 0.9146258234977722 163 308 258 400
core_battery00002734 0.05598757788538933 430 361 549 429
coreless_battery00001690 0.991375744342804 319 685 484 790
core_battery00001289 0.7107493281364441 324 644 510 755
coreless_battery00005915 0.9917904138565063 267 604 349 732
coreless_battery00005915 0.21023544669151306 290 607 334 723
core_battery00001295 0.8371530771255493 314 494 357 671
core_battery00001295 0.5584138035774231 510 687 652 830
core_battery00001295 0.3323827087879181 337 510 354 651
core_battery00001295 0.2882431745529175 316 506 337 661
coreless_battery00004001 0.9942179918289185 208 726 391 833
coreless_battery00001618 0.9936912059783936 91 591 191 763
coreless_battery00001618 0.6509979367256165 52 576 310 729
coreless_battery00001618 0.5860398411750793 191 555 308 691
coreless_battery00001618 0.12898513674736023 145 470 244 539
coreless_battery00005275 0.9828885793685913 1312 386 1590 510
coreless_battery00005131 0.9951007962226868 326 726 499 859
core_battery00004077 0.26499831676483154 1093 553 1210 630
core_battery00004077 0.13706038892269135 1090 513 1245 634
core_battery00004077 0.07637690752744675 1118 473 1271 620
coreless_battery00001062 0.9948461055755615 765 556 959 744
coreless_battery00005102 0.9880791306495667 470 699 570 873
coreless_battery00005102 0.9186394810676575 1776 640 1916 793
coreless_battery00005102 0.10170090198516846 1798 646 1871 782
coreless_battery00005102 0.07608386874198914 1111 727 1297 821
coreless_battery00003299 0.9959021210670471 306 745 486 879
coreless_battery00004456 0.9912642240524292 189 807 407 927
coreless_battery00005709 0.9847880601882935 863 360 984 444
core_battery00002529 0.9239373207092285 786 565 862 694
core_battery00002529 0.4569647014141083 808 566 847 690
core_battery00002529 0.22621865570545197 117 557 229 735
core_battery00002529 0.08250068873167038 581 559 658 748
core_battery00002529 0.05487155169248581 793 578 835 688
core_battery00001319 0.9932746887207031 1301 821 1477 924
coreless_battery00001002 0.9911783337593079 475 531 668 650
coreless_battery00004607 0.9921437501907349 293 728 501 852
coreless_battery00004607 0.9895943403244019 833 724 1015 838
coreless_battery00004358 0.9903643727302551 579 351 757 452
coreless_battery00004872 0.9934297204017639 1833 483 1933 660
coreless_battery00004872 0.1808924525976181 1846 556 1930 655
coreless_battery00001165 0.9942375421524048 127 456 258 613
coreless_battery00000347 0.9899848699569702 483 319 603 481
coreless_battery00000347 0.3434615731239319 92 623 175 769
coreless_battery00000347 0.18091978132724762 445 305 775 463
core_battery00005479 0.7826108932495117 1030 692 1180 800
coreless_battery00003004 0.990829586982727 873 370 1066 511
core_battery00003833 0.2904320955276489 159 525 324 625
core_battery00003833 0.15472091734409332 117 648 239 747
core_battery00004235 0.13209637999534607 58 790 192 876
coreless_battery00000078 0.2593846619129181 1000 631 1030 790
coreless_battery00000078 0.07920492440462112 992 650 1016 793
coreless_battery00000078 0.07614171504974365 983 628 1054 801
coreless_battery00000078 0.05601432919502258 1014 630 1042 792
core_battery00002867 0.9682913422584534 1853 625 1970 742
core_battery00002867 0.10216493904590607 1886 636 1941 740
coreless_battery00002270 0.9938459992408752 185 343 359 464
coreless_battery00002270 0.9511922001838684 307 593 425 735
coreless_battery00002270 0.16549988090991974 91 501 209 628
coreless_battery00002270 0.09243012964725494 207 584 451 721
coreless_battery00002989 0.9923620223999023 1219 321 1434 489
coreless_battery00005738 0.9924707412719727 295 338 417 497
coreless_battery00005513 0.9817253947257996 672 654 836 750
coreless_battery00005513 0.09482932835817337 691 607 828 784
coreless_battery00005513 0.05708182975649834 692 662 781 749
core_battery00004758 0.17595328390598297 1109 472 1306 556
coreless_battery00004664 0.945556640625 1608 474 1784 576
coreless_battery00004664 0.09616541862487793 132 402 303 567
core_battery00000504 0.7786740660667419 1171 515 1251 683
core_battery00000504 0.2381688952445984 1180 531 1225 673
coreless_battery00002845 0.9883540868759155 243 430 402 534
coreless_battery00000165 0.9942710399627686 52 554 240 665
core_battery00004158 0.9035199284553528 1027 487 1102 620
coreless_battery00003317 0.9821770191192627 170 363 296 472
coreless_battery00003317 0.06183842197060585 111 360 314 495
core_battery00001861 0.36472287774086 479 365 623 471
coreless_battery00001991 0.9861061573028564 505 830 670 914
coreless_battery00001991 0.13006234169006348 75 345 211 381
coreless_battery00001991 0.055129170417785645 66 335 236 396
coreless_battery00004546 0.9901513457298279 122 666 301 801
coreless_battery00004546 0.28327909111976624 328 472 378 647
coreless_battery00004546 0.15442508459091187 319 473 358 646
coreless_battery00004546 0.097617506980896 1454 419 1580 518
coreless_battery00004546 0.05785480886697769 351 492 378 633
coreless_battery00004546 0.05076491832733154 299 458 385 662
coreless_battery00001932 0.9957915544509888 45 425 173 657
coreless_battery00001932 0.06491146981716156 56 506 159 647
coreless_battery00004658 0.9945979118347168 237 638 422 754
coreless_battery00004658 0.05182649567723274 227 578 448 777
coreless_battery00004108 0.9971827268600464 97 421 229 595
coreless_battery00003264 0.994570791721344 276 716 394 907
coreless_battery00003264 0.9944741129875183 1047 342 1144 512
coreless_battery00003576 0.992800235748291 632 423 822 545
coreless_battery00001317 0.9903669357299805 338 600 465 738
coreless_battery00001317 0.12637127935886383 640 559 786 669
core_battery00003368 0.9569690823554993 724 601 896 741
core_battery00003368 0.5833638906478882 753 525 916 774
core_battery00004583 0.20203685760498047 78 714 199 841
core_battery00004583 0.05239813029766083 1021 411 1050 605
coreless_battery00000802 0.982410192489624 452 641 615 746
coreless_battery00000672 0.9949303269386292 445 539 546 716
coreless_battery00000672 0.3362565040588379 113 635 287 749
coreless_battery00002539 0.9964620471000671 72 733 182 885
coreless_battery00005900 0.9962083101272583 79 668 212 847
coreless_battery00001530 0.9904975295066833 537 624 686 714
coreless_battery00000858 0.9593148827552795 1060 340 1256 407
coreless_battery00004629 0.9913233518600464 109 540 247 683
core_battery00003745 0.7938104867935181 497 819 667 903
core_battery00004200 0.9308841824531555 732 474 843 557
coreless_battery00003421 0.9625609517097473 1924 428 1997 571
coreless_battery00003421 0.22816498577594757 1948 432 1985 554
coreless_battery00003421 0.07011529058218002 1910 436 1970 576
coreless_battery00003421 0.06549021601676941 1940 462 1981 581
coreless_battery00005294 0.9941678047180176 547 486 658 653
coreless_battery00005294 0.9910305738449097 151 825 353 945
coreless_battery00005065 0.992084801197052 1242 561 1346 737
coreless_battery00005065 0.9623041152954102 1406 458 1503 606
coreless_battery00005065 0.26687341928482056 1254 411 1419 467
coreless_battery00002364 0.9942903518676758 825 661 1000 768
coreless_battery00000252 0.9778477549552917 27 300 142 467
coreless_battery00001181 0.9956945180892944 905 570 1015 738
coreless_battery00001181 0.08295820653438568 927 586 987 735
coreless_battery00001181 0.06787572801113129 965 576 1016 731
coreless_battery00003075 0.9927178621292114 194 717 291 887
coreless_battery00003075 0.34791168570518494 176 417 327 535
coreless_battery00003945 0.9911609888076782 258 684 351 837
coreless_battery00003945 0.5679096579551697 67 336 155 441
coreless_battery00005735 0.9936034083366394 966 376 1184 481
coreless_battery00001078 0.9878847002983093 88 775 211 894
coreless_battery00001078 0.5907385349273682 76 564 151 746
coreless_battery00001078 0.17371486127376556 99 574 138 741
coreless_battery00001078 0.12877728044986725 141 779 203 895
coreless_battery00001078 0.05501502379775047 85 686 206 928
core_battery00004398 0.14610262215137482 699 553 813 685
coreless_battery00001753 0.9847277402877808 799 566 934 721
coreless_battery00000150 0.8765679597854614 89 392 271 427
coreless_battery00000150 0.8648992776870728 177 413 317 521
coreless_battery00000150 0.6754705309867859 98 377 276 445
coreless_battery00000150 0.6303601861000061 60 430 159 592
coreless_battery00000150 0.35486355423927307 41 383 341 538
coreless_battery00000150 0.10327814519405365 143 370 285 499
core_battery00002087 0.27876389026641846 1247 331 1248 389
core_battery00002087 0.27876389026641846 1247 740 1248 795
core_battery00002087 0.08283429592847824 1247 345 1247 411
core_battery00002087 0.06813378632068634 1090 443 1180 621
coreless_battery00005991 0.9925104379653931 422 709 577 885
core_battery00004368 0.9926981329917908 1255 468 1388 630
coreless_battery00001534 0.9750757813453674 69 513 223 607
coreless_battery00004794 0.9945439100265503 204 716 403 817
coreless_battery00001537 0.993610680103302 578 442 686 597
coreless_battery00001537 0.2567598223686218 552 448 748 611
core_battery00000656 0.6964462995529175 180 407 321 523
core_battery00000656 0.24448435008525848 137 546 308 670
core_battery00000656 0.21286362409591675 327 547 455 660
core_battery00000656 0.10522168129682541 164 362 320 691
coreless_battery00000829 0.9908652901649475 96 414 258 514
coreless_battery00005232 0.9027840495109558 1178 553 1302 681
coreless_battery00005232 0.7680660486221313 1038 497 1204 587
coreless_battery00005232 0.21775344014167786 1039 499 1320 624
coreless_battery00005232 0.18796038627624512 1116 517 1320 673
coreless_battery00005232 0.1757255643606186 1151 590 1298 657
coreless_battery00005232 0.14508166909217834 1241 549 1305 664
coreless_battery00005232 0.09464430063962936 1185 526 1300 622
coreless_battery00005232 0.06507358700037003 1174 580 1253 674
coreless_battery00002810 0.9940735697746277 259 411 422 504
coreless_battery00002810 0.43968573212623596 156 399 461 509
coreless_battery00002810 0.08859304338693619 108 380 289 492
coreless_battery00000109 0.9872032999992371 633 456 719 648
coreless_battery00000109 0.8271490335464478 1527 463 1606 577
coreless_battery00000109 0.15393458306789398 1537 475 1578 574
coreless_battery00000109 0.09369207173585892 641 482 687 636
coreless_battery00000109 0.06968194991350174 1562 465 1604 566
coreless_battery00005130 0.9946922659873962 470 379 647 561
coreless_battery00001213 0.9844529032707214 110 755 265 885
coreless_battery00005447 0.9938024282455444 1512 633 1695 817
coreless_battery00005447 0.9241182804107666 1787 527 1838 728
coreless_battery00005447 0.28242653608322144 1773 528 1811 722
coreless_battery00005447 0.19973482191562653 1803 526 1864 743
coreless_battery00005447 0.1087084636092186 1759 515 1852 738
coreless_battery00005447 0.08754903823137283 1831 516 1861 742
coreless_battery00005447 0.06990597397089005 1802 578 1830 727
coreless_battery00002390 0.9906492829322815 319 532 487 628
coreless_battery00000476 0.9950513243675232 1694 554 1799 710
coreless_battery00000476 0.136187344789505 1715 563 1769 700
coreless_battery00000476 0.08749300241470337 1737 559 1792 701
core_battery00000898 0.1517261117696762 1358 477 1444 584
core_battery00000898 0.051421523094177246 1373 477 1416 573
core_battery00005648 0.05454691872000694 103 603 129 745
coreless_battery00002384 0.9948964715003967 634 619 816 764
coreless_battery00002384 0.27876389026641846 895 800 896 857
coreless_battery00002384 0.27876389026641846 895 670 896 727
coreless_battery00002384 0.27876389026641846 895 646 896 703
coreless_battery00002384 0.27876389026641846 895 445 896 504
coreless_battery00002384 0.27876389026641846 895 650 896 707
coreless_battery00002384 0.17079944908618927 895 507 895 568
coreless_battery00002384 0.16877073049545288 895 664 895 725
coreless_battery00002384 0.167561337351799 895 759 895 820
coreless_battery00002384 0.1660812795162201 895 743 895 804
coreless_battery00002384 0.08974839746952057 895 485 895 550
coreless_battery00002384 0.08192329108715057 895 766 895 831
coreless_battery00002384 0.07880167663097382 895 446 895 512
core_battery00001977 0.12192583829164505 523 566 627 661
coreless_battery00004712 0.9916485548019409 547 784 750 888
coreless_battery00002703 0.9891684055328369 669 390 788 533
coreless_battery00001868 0.9546260237693787 451 604 617 701
coreless_battery00001868 0.1430991142988205 460 644 635 697
coreless_battery00003431 0.9956939220428467 114 389 258 541
coreless_battery00000771 0.995526134967804 420 330 504 489
coreless_battery00000771 0.06489045172929764 446 346 490 477
coreless_battery00000784 0.9845964312553406 752 390 929 486
coreless_battery00005264 0.989446759223938 721 376 828 475
coreless_battery00000171 0.9776387810707092 820 622 861 834
coreless_battery00000171 0.4751819670200348 822 640 841 822
coreless_battery00000171 0.12748567759990692 831 632 853 826
coreless_battery00000171 0.056955691426992416 839 652 859 814
coreless_battery00001288 0.9914721846580505 194 368 352 466
coreless_battery00002050 0.989428699016571 94 761 303 856
core_battery00005980 0.9867875576019287 157 670 306 797
core_battery00005980 0.2743721604347229 163 500 264 600
coreless_battery00002060 0.9937670230865479 203 409 407 518
coreless_battery00002060 0.27876389026641846 735 362 736 419
coreless_battery00002060 0.27876389026641846 735 393 736 450
coreless_battery00002060 0.27876389026641846 735 389 736 446
coreless_battery00002060 0.16951675713062286 735 382 735 443
coreless_battery00002060 0.16442124545574188 735 363 735 424
coreless_battery00003106 0.995567262172699 313 724 501 851
coreless_battery00003106 0.9907981157302856 1445 377 1556 539
coreless_battery00003106 0.127482071518898 1451 345 1567 639
coreless_battery00005304 0.9875271916389465 516 364 683 497
coreless_battery00005304 0.3412042558193207 113 464 281 545
coreless_battery00005304 0.05411980673670769 1068 574 1151 698
coreless_battery00004347 0.9915424585342407 618 622 737 768
coreless_battery00004490 0.9920227527618408 1509 737 1602 901
coreless_battery00000071 0.9813419580459595 207 829 340 951
coreless_battery00000071 0.12807942926883698 240 844 313 942
coreless_battery00000071 0.10192679613828659 272 827 341 947
coreless_battery00001528 0.9947291016578674 456 590 543 768
coreless_battery00001670 0.9954467415809631 381 437 488 643
coreless_battery00001670 0.7580285668373108 636 706 779 801
coreless_battery00003332 0.9647535085678101 606 704 766 764
coreless_battery00003332 0.9377169013023376 790 647 832 827
coreless_battery00003332 0.22676776349544525 582 676 852 803
coreless_battery00003332 0.18710193037986755 806 658 828 817
coreless_battery00003332 0.1775585561990738 793 671 818 815
coreless_battery00003332 0.1440347284078598 606 745 750 782
coreless_battery00003332 0.1319674402475357 635 690 761 797
coreless_battery00003332 0.05662195011973381 801 667 850 819
coreless_battery00003673 0.9930821061134338 1376 351 1554 456
core_battery00000376 0.10725101083517075 229 387 333 570
core_battery00005110 0.8923447132110596 1322 515 1481 634
coreless_battery00004413 0.9944118857383728 709 627 884 732
coreless_battery00004421 0.9971336126327515 177 677 297 856
coreless_battery00001359 0.9959000945091248 131 773 271 951
coreless_battery00001578 0.9887046217918396 1228 712 1376 873
coreless_battery00003588 0.9935653805732727 124 460 324 544
core_battery00000694 0.6011210680007935 104 386 227 507
core_battery00000694 0.06817183643579483 81 386 327 498
coreless_battery00003669 0.9879418015480042 273 753 434 862
coreless_battery00005083 0.9915739893913269 167 528 309 672
core_battery00000146 0.9646432399749756 133 786 252 900
core_battery00000146 0.734417200088501 115 766 378 893
core_battery00004710 0.9045194983482361 1326 320 1380 435
core_battery00004710 0.27661070227622986 1347 328 1373 435
core_battery00004710 0.08343609422445297 1324 328 1353 432
coreless_battery00004668 0.9927805066108704 157 515 317 664
core_battery00003430 0.08540672063827515 1055 348 1055 412
core_battery00003430 0.07364824414253235 1055 300 1055 359
coreless_battery00001867 0.991633415222168 291 491 459 596
coreless_battery00000229 0.9930093288421631 66 759 229 864
coreless_battery00000229 0.9651156663894653 210 704 333 835
coreless_battery00000229 0.4536076486110687 28 730 373 850
coreless_battery00004468 0.9932772517204285 98 537 202 706
coreless_battery00004665 0.9932987093925476 1028 346 1211 450
core_battery00005462 0.060978613793849945 1675 507 1790 585
coreless_battery00000906 0.9743978977203369 1181 681 1244 878
coreless_battery00000906 0.32356464862823486 1206 688 1240 865
coreless_battery00000906 0.2557307779788971 1182 688 1215 866
coreless_battery00003579 0.9924511313438416 352 341 577 466
coreless_battery00004378 0.9914752244949341 639 728 816 828
coreless_battery00004378 0.24164922535419464 1190 376 1330 430
coreless_battery00004230 0.9869906306266785 62 370 166 568
coreless_battery00004230 0.07475302368402481 69 379 161 455
coreless_battery00000074 0.9604349732398987 1111 655 1266 748
coreless_battery00000074 0.10247868299484253 1636 806 1789 889
coreless_battery00004516 0.9893127083778381 197 508 290 659
coreless_battery00004516 0.2809813916683197 113 509 324 646
coreless_battery00005050 0.9916129112243652 1158 552 1314 716
coreless_battery00003451 0.9886534810066223 126 330 306 454
core_battery00003939 0.40331703424453735 3 451 98 589
coreless_battery00004382 0.9917124509811401 772 411 936 552
core_battery00001696 0.7016913294792175 216 480 286 584
core_battery00001696 0.43906524777412415 240 496 276 577
coreless_battery00000698 0.9531785249710083 790 533 954 686
coreless_battery00000698 0.8405063152313232 281 612 365 764
coreless_battery00002661 0.6982290148735046 1474 520 1577 655
coreless_battery00002661 0.6745591759681702 522 529 578 721
coreless_battery00002661 0.30146223306655884 523 535 551 722
coreless_battery00002661 0.2791341543197632 546 539 575 720
coreless_battery00002661 0.06427664309740067 534 560 566 715
coreless_battery00003633 0.9941229224205017 545 713 759 844
core_battery00003885 0.08460412919521332 124 430 248 501
coreless_battery00003830 0.9800075888633728 122 656 233 768
coreless_battery00005178 0.9960267543792725 556 321 759 469
core_battery00001386 0.6920714974403381 98 442 225 523
core_battery00001386 0.3183037340641022 256 320 330 430
coreless_battery00000005 0.9808684587478638 385 672 540 814
coreless_battery00000005 0.5572314858436584 728 479 881 579
coreless_battery00001980 0.9895648956298828 1818 563 1905 687
coreless_battery00001980 0.3683243989944458 1840 569 1887 676
coreless_battery00001980 0.06120964512228966 1816 574 1863 679
coreless_battery00003014 0.9785985946655273 504 371 663 444
core_battery00000416 0.993313729763031 1048 504 1172 681
core_battery00000416 0.8522216081619263 636 724 791 819
coreless_battery00000650 0.9889339804649353 296 675 447 770
coreless_battery00000650 0.9807031154632568 1332 425 1503 506
coreless_battery00000650 0.12917280197143555 76 714 179 842
coreless_battery00001878 0.9918403625488281 134 728 310 830
core_battery00004745 0.9849374890327454 105 760 260 855
core_battery00004745 0.11826089769601822 151 400 210 538
core_battery00004745 0.06608346104621887 130 671 278 878
coreless_battery00004800 0.9925804138183594 146 810 342 932
coreless_battery00002957 0.9936985969543457 880 663 1068 833
coreless_battery00000374 0.9900568127632141 871 689 1025 785
coreless_battery00000374 0.8146275281906128 1040 526 1131 666
coreless_battery00000374 0.06778012216091156 1045 545 1099 657
coreless_battery00001637 0.9938170313835144 1158 345 1250 533
coreless_battery00001637 0.9556000828742981 824 741 1031 818
coreless_battery00003941 0.9896124005317688 71 799 272 923
coreless_battery00003941 0.08649704605340958 84 840 261 911
coreless_battery00003941 0.0663333386182785 165 803 254 917
coreless_battery00000062 0.9939566850662231 46 591 155 769
coreless_battery00000062 0.07607901096343994 58 675 154 761
coreless_battery00005499 0.9851463437080383 118 736 294 930
coreless_battery00005499 0.06086249276995659 144 745 300 858
core_battery00004409 0.36818307638168335 639 522 749 889
core_battery00004409 0.29164832830429077 650 564 758 762
core_battery00004409 0.21106360852718353 646 676 738 854
core_battery00004409 0.10584508627653122 789 860 895 923
coreless_battery00002132 0.9933910369873047 1287 420 1479 519
coreless_battery00002132 0.9883197546005249 829 578 959 690
core_battery00001936 0.09691847860813141 525 587 653 768
coreless_battery00003872 0.993089497089386 301 506 454 644
coreless_battery00004708 0.5922203660011292 1336 446 1453 521
coreless_battery00000080 0.9863859415054321 467 743 562 941
coreless_battery00004869 0.9923566579818726 1166 830 1334 936
coreless_battery00002622 0.9705425500869751 1811 394 1927 537
coreless_battery00002622 0.1765671819448471 1286 714 1369 802
coreless_battery00002622 0.08825508505105972 1312 712 1353 803
core_battery00003234 0.17484843730926514 1183 703 1183 764
core_battery00003234 0.16090832650661469 1183 300 1183 315
core_battery00002145 0.09636981040239334 394 320 576 380
coreless_battery00001840 0.9677413105964661 633 777 809 859
coreless_battery00001840 0.08465366810560226 612 607 763 746
coreless_battery00001840 0.07036477327346802 623 589 784 942
coreless_battery00003975 0.9916188716888428 118 491 292 580
coreless_battery00003952 0.21039433777332306 1179 463 1347 560
coreless_battery00003952 0.05915478244423866 109 678 208 897
coreless_battery00001448 0.9905197620391846 328 660 437 841
coreless_battery00001448 0.191896453499794 365 672 425 832
coreless_battery00001448 0.08474767208099365 344 683 402 825
coreless_battery00005963 0.9919290542602539 390 357 555 458
coreless_battery00000441 0.994398295879364 528 449 635 625
coreless_battery00004514 0.9934113621711731 306 585 402 770
coreless_battery00005433 0.99440598487854 163 787 349 916
core_battery00001485 0.3562946021556854 112 716 221 813
coreless_battery00005040 0.9938748478889465 96 413 285 544
core_battery00000124 0.5997533202171326 130 436 204 570
core_battery00002865 0.9618789553642273 159 440 308 591
core_battery00002865 0.2524968385696411 165 335 324 628
core_battery00002865 0.2036905735731125 217 334 359 397
coreless_battery00001887 0.989525318145752 401 329 550 422
coreless_battery00003102 0.9908105134963989 876 341 1030 451
coreless_battery00001418 0.9806032776832581 48 547 146 705
coreless_battery00000983 0.9930989146232605 80 454 256 565
core_battery00004871 0.9893220663070679 1536 385 1702 531
core_battery00002959 0.9938057661056519 144 315 258 467
core_battery00005465 0.950456440448761 225 603 314 761
core_battery00005465 0.23107248544692993 230 504 324 781
core_battery00005465 0.10745152831077576 153 606 346 747
