core_battery00001892 0.9909647703170776 1481 485 1575 619
core_battery00001892 0.7728900909423828 407 646 471 764
core_battery00001892 0.11830411106348038 1388 477 1615 616
core_battery00000571 0.9893598556518555 403 751 503 855
core_battery00000571 0.36562782526016235 440 755 494 850
core_battery00000571 0.1141478419303894 413 757 467 853
core_battery00002323 0.9794609546661377 761 554 836 683
core_battery00002323 0.06601231545209885 785 567 814 681
core_battery00004096 0.9882468581199646 704 772 850 864
core_battery00004096 0.05023656412959099 736 779 807 860
core_battery00001350 0.9854915738105774 854 786 965 919
core_battery00001350 0.9782377481460571 527 865 656 935
core_battery00001350 0.8415575623512268 1233 584 1284 704
core_battery00001350 0.10588632524013519 1255 592 1287 704
core_battery00001350 0.09671008586883545 1238 596 1264 703
core_battery00000096 0.9422330856323242 344 340 532 404
coreless_battery00002347 0.17162677645683289 1602 482 1706 587
coreless_battery00002347 0.08417435735464096 1578 724 1721 775
core_battery00000446 0.9822760224342346 238 617 343 738
coreless_battery00005583 0.9952273368835449 1086 747 1309 938
coreless_battery00005583 0.8193231225013733 1659 647 1736 769
coreless_battery00005583 0.1419496387243271 1693 654 1732 748
core_battery00002604 0.9923785924911499 453 772 548 909
core_battery00002604 0.05917523056268692 465 786 507 899
core_battery00004870 0.9847525954246521 963 335 1085 413
core_battery00004870 0.18841050565242767 1022 336 1070 408
core_battery00004870 0.14027687907218933 983 335 1044 411
core_battery00001672 0.9928447604179382 41 359 141 485
core_battery00000924 0.9875853061676025 46 402 166 495
core_battery00000757 0.9936367273330688 988 406 1093 502
core_battery00000757 0.05960189923644066 1040 412 1087 493
core_battery00000757 0.055857330560684204 1013 414 1061 494
core_battery00001272 0.9754176139831543 206 403 328 465
core_battery00001272 0.33335962891578674 126 399 353 469
core_battery00005620 0.9701442122459412 41 633 133 752
core_battery00005620 0.6589126586914062 67 641 112 749
core_battery00005620 0.05075988173484802 76 636 142 739
core_battery00000929 0.9733206629753113 1257 340 1320 462
core_battery00000929 0.5841858386993408 1263 340 1296 456
core_battery00000929 0.15619051456451416 1286 358 1316 456
core_battery00005530 0.9915750622749329 570 623 680 856
core_battery00000581 0.9948601722717285 452 437 574 640
core_battery00001686 0.6694204211235046 183 470 238 582
core_battery00001686 0.20417463779449463 209 470 239 572
core_battery00001686 0.14025628566741943 190 483 217 580
core_battery00001686 0.0851145088672638 177 465 213 574
core_battery00001686 0.07149671763181686 199 485 229 582
core_battery00001686 0.061371754854917526 186 491 206 577
core_battery00003801 0.9953107237815857 88 501 204 674
core_battery00003801 0.8435693383216858 63 325 110 422
core_battery00003801 0.38202017545700073 130 318 271 391
core_battery00003801 0.1327410787343979 79 337 105 417
core_battery00003801 0.08106006681919098 46 332 144 423
core_battery00003801 0.0709814801812172 100 554 196 657
core_battery00003801 0.05809957534074783 121 341 243 398
core_battery00001638 0.9937600493431091 1183 449 1282 576
core_battery00001638 0.1934671700000763 1214 451 1264 577
core_battery00002218 0.9916942715644836 412 611 525 736
core_battery00002218 0.27524569630622864 703 524 704 626
core_battery00002218 0.15457703173160553 703 554 703 661
core_battery00002218 0.06011922284960747 703 300 703 338
core_battery00000731 0.9913783073425293 67 761 193 859
core_battery00000731 0.07594689726829529 0 732 42 815
coreless_battery00005373 0.050835490226745605 1312 348 1395 379
core_battery00000487 0.9964576363563538 76 793 267 889
core_battery00004509 0.9868261218070984 1584 330 1688 482
core_battery00004509 0.09676402062177658 1551 330 1735 503
coreless_battery00005436 0.27524569630622864 1247 612 1248 667
coreless_battery00005436 0.17830000817775726 1247 585 1247 643
coreless_battery00005436 0.17055560648441315 1247 639 1247 699
coreless_battery00005436 0.1695287674665451 1247 330 1247 388
coreless_battery00005436 0.16635802388191223 1247 358 1247 417
coreless_battery00005436 0.16635605692863464 1247 363 1247 421
coreless_battery00005436 0.16518530249595642 1247 378 1247 438
coreless_battery00005436 0.0833377093076706 1247 324 1247 385
coreless_battery00005436 0.07921761274337769 1247 300 1247 355
coreless_battery00005436 0.05207027867436409 1247 732 1247 795
core_battery00003718 0.996202290058136 198 564 317 751
coreless_battery00003702 0.8387815356254578 329 371 384 478
coreless_battery00003702 0.17803464829921722 339 375 366 473
coreless_battery00003702 0.053884342312812805 355 376 383 468
core_battery00006068 0.9931018352508545 535 406 655 525
core_battery00004836 0.9912943243980408 1525 734 1658 881
core_battery00004836 0.07448764145374298 1554 745 1626 874
core_battery00002242 0.9936524629592896 75 631 165 775
coreless_battery00005802 0.9865966439247131 64 428 190 505
coreless_battery00005802 0.9750249981880188 1058 488 1176 574
core_battery00005112 0.9950620532035828 384 475 515 633
core_battery00005721 0.9903541803359985 1126 687 1222 833
core_battery00004662 0.9835789203643799 793 436 927 508
core_battery00004662 0.9822622537612915 1190 689 1273 845
core_battery00004662 0.07971981167793274 828 445 893 504
core_battery00004662 0.07043246924877167 863 440 922 506
coreless_battery00003550 0.9932675361633301 1722 750 1832 867
coreless_battery00004533 0.11843859404325485 1439 721 1612 840
core_battery00001035 0.9881783127784729 299 446 424 641
core_battery00005471 0.9965406060218811 633 590 810 728
core_battery00005471 0.9384238123893738 197 566 290 623
core_battery00005471 0.20817996561527252 186 546 318 630
core_battery00005471 0.10773450881242752 225 567 273 623
core_battery00001483 0.9968963861465454 181 666 380 787
coreless_battery00001900 0.09177395701408386 109 326 246 432
coreless_battery00001480 0.1898101419210434 117 579 186 780
coreless_battery00001480 0.11116325110197067 145 594 173 776
core_battery00004951 0.9674733281135559 250 644 318 824
core_battery00004951 0.6836309432983398 267 655 301 816
core_battery00004951 0.1702960729598999 282 649 317 819
core_battery00001021 0.8981329202651978 1334 442 1374 574
core_battery00001021 0.5530328750610352 1354 446 1387 570
core_battery00001021 0.25826534628868103 1235 585 1342 762
core_battery00001021 0.14582696557044983 1316 428 1388 590
core_battery00001021 0.0638628900051117 1256 614 1318 746
core_battery00005199 0.9452813267707825 799 669 905 751
core_battery00002080 0.9876978993415833 505 561 600 674
core_battery00002080 0.20510873198509216 541 568 588 675
core_battery00005651 0.9931976795196533 177 459 287 595
core_battery00002937 0.9904779195785522 666 689 794 827
core_battery00002937 0.7420452237129211 77 635 192 717
core_battery00002254 0.9830082654953003 51 664 155 870
core_battery00002254 0.10647402703762054 60 744 144 855
core_battery00004671 0.9726297855377197 47 759 146 895
core_battery00004671 0.5533197522163391 27 757 227 897
core_battery00004671 0.32282039523124695 69 768 119 896
core_battery00002976 0.9925532937049866 1273 378 1456 515
core_battery00002976 0.061143048107624054 1281 383 1371 513
core_battery00002976 0.051254864782094955 1334 388 1427 503
core_battery00004833 0.9527032971382141 1096 431 1219 637
core_battery00004833 0.061539530754089355 1122 466 1183 621
coreless_battery00005983 0.17325934767723083 151 479 221 635
coreless_battery00002126 0.24590471386909485 295 501 386 565
core_battery00002308 0.9921787977218628 69 361 170 478
core_battery00005526 0.9953761100769043 224 714 345 839
core_battery00005526 0.09386362880468369 233 763 343 832
coreless_battery00005314 0.28616398572921753 100 427 193 599
coreless_battery00005314 0.08403586596250534 86 558 165 741
core_battery00005848 0.9964945912361145 480 837 656 941
core_battery00004406 0.9961438179016113 557 769 751 874
core_battery00001505 0.9943665862083435 909 508 1015 683
core_battery00001505 0.17020970582962036 934 513 986 679
core_battery00000236 0.9947316646575928 1 551 118 667
coreless_battery00001553 0.9729147553443909 84 472 320 532
core_battery00005494 0.9914133548736572 747 521 869 642
core_battery00001904 0.9956293106079102 219 655 352 763
core_battery00000234 0.9691242575645447 1838 465 1917 578
core_battery00000234 0.6099914908409119 1855 468 1897 568
core_battery00000234 0.1266782134771347 1875 467 1919 565
core_battery00000234 0.0544990599155426 1862 484 1886 576
core_battery00004713 0.8918634653091431 1445 525 1502 646
core_battery00004713 0.642625093460083 1465 535 1495 644
core_battery00004713 0.1623597890138626 1439 538 1468 648
core_battery00004713 0.08321871608495712 1413 515 1527 657
core_battery00004713 0.08258013427257538 1426 517 1693 639
coreless_battery00001097 0.9407070875167847 851 592 958 647
core_battery00000595 0.967069685459137 605 545 657 641
core_battery00000595 0.5829760432243347 623 545 649 637
core_battery00000595 0.06389070302248001 593 541 679 658
core_battery00000595 0.05096672847867012 634 549 667 633
core_battery00003865 0.9590476751327515 893 649 983 772
core_battery00003865 0.5415634512901306 925 653 971 772
core_battery00003865 0.0640709325671196 910 658 958 767
core_battery00003531 0.9897404909133911 410 436 549 532
core_battery00001299 0.9962368011474609 205 499 339 619
coreless_battery00000288 0.2607753872871399 229 725 322 901
core_battery00003581 0.9906485676765442 308 589 424 839
core_battery00003855 0.9928600192070007 615 673 778 768
core_battery00002263 0.9857293367385864 1167 423 1270 542
core_battery00002263 0.07407385110855103 1203 434 1259 538
core_battery00002263 0.056050051003694534 1180 433 1232 544
core_battery00003487 0.9934559464454651 118 752 240 901
core_battery00002898 0.9848111867904663 667 708 742 854
core_battery00002898 0.3142191469669342 694 710 731 853
core_battery00002898 0.07238874584436417 636 688 760 863
coreless_battery00003110 0.9486374855041504 1061 873 1191 946
coreless_battery00003110 0.05012292414903641 977 851 1221 945
core_battery00005903 0.9946295022964478 116 382 292 492
core_battery00005903 0.27524569630622864 767 377 768 434
core_battery00005903 0.27524569630622864 767 381 768 438
core_battery00005903 0.27524569630622864 767 586 768 642
core_battery00005903 0.27524569630622864 767 369 768 426
core_battery00005903 0.16878388822078705 767 607 767 667
core_battery00005903 0.16586348414421082 767 592 767 651
core_battery00005903 0.08579196035861969 767 656 767 720
core_battery00005903 0.0838259756565094 767 701 767 763
core_battery00003267 0.9935551285743713 22 802 152 910
core_battery00001115 0.9917005896568298 193 711 317 840
core_battery00002560 0.9948203563690186 176 723 337 911
core_battery00002560 0.45734745264053345 376 686 437 834
core_battery00004268 0.9752969145774841 142 593 246 750
core_battery00004268 0.28536802530288696 164 600 216 747
core_battery00004268 0.07253693789243698 185 609 244 743
core_battery00005907 0.989825963973999 464 542 562 649
core_battery00005907 0.051362741738557816 412 606 435 700
core_battery00003319 0.9923047423362732 223 573 315 712
core_battery00005799 0.26973506808280945 200 349 314 421
coreless_battery00001378 0.0748797133564949 1244 358 1418 449
core_battery00004685 0.9920680522918701 316 533 417 672
coreless_battery00001301 0.9803343415260315 1237 620 1373 705
core_battery00000398 0.1461479514837265 370 350 447 430
core_battery00000398 0.05893256887793541 394 350 433 432
coreless_battery00000436 0.9191190004348755 1170 680 1297 733
coreless_battery00002595 0.27524569630622864 1023 486 1024 542
coreless_battery00002595 0.17503491044044495 1023 461 1023 517
coreless_battery00002595 0.16671103239059448 1023 488 1023 548
coreless_battery00002595 0.16652940213680267 1023 571 1023 631
coreless_battery00002595 0.09565887600183487 1023 453 1023 512
coreless_battery00002595 0.08188915997743607 1023 518 1023 582
coreless_battery00002595 0.08104516565799713 1023 546 1023 610
core_battery00002377 0.9703018665313721 819 657 893 776
core_battery00002377 0.0844452902674675 837 603 903 794
core_battery00004663 0.9921419620513916 642 392 821 506
core_battery00004663 0.8455039858818054 669 570 733 637
core_battery00004663 0.08035674691200256 688 564 716 634
core_battery00001628 0.9964609742164612 51 789 263 916
core_battery00001628 0.3548700213432312 162 797 262 920
core_battery00002285 0.5280612111091614 430 359 546 487
coreless_battery00000984 0.07969795912504196 1578 367 1728 473
core_battery00005229 0.8667622208595276 514 581 601 648
core_battery00005229 0.36644986271858215 547 588 586 649
core_battery00005229 0.2241547554731369 493 570 623 662
core_battery00001682 0.9917083382606506 1051 672 1161 784
core_battery00001682 0.9679205417633057 600 627 727 697
core_battery00001682 0.3406031131744385 612 583 699 716
core_battery00003596 0.9918075203895569 93 334 185 450
core_battery00003596 0.05967585742473602 59 771 140 842
core_battery00005622 0.9778344631195068 1482 401 1589 554
core_battery00005622 0.9768630266189575 693 801 821 871
core_battery00001394 0.9937577247619629 105 346 301 449
core_battery00001394 0.8176918029785156 272 560 362 716
core_battery00001394 0.42775091528892517 261 460 358 730
core_battery00001394 0.3319363594055176 259 431 338 643
core_battery00001394 0.1517172008752823 126 350 218 447
core_battery00001855 0.9948890805244446 81 332 216 402
core_battery00001440 0.9954943656921387 181 731 359 884
core_battery00001440 0.9737102389335632 942 800 1037 908
core_battery00001440 0.1718120127916336 946 807 998 903
core_battery00001440 0.06419298052787781 978 807 1029 904
coreless_battery00002521 0.9060521721839905 623 827 814 940
coreless_battery00002521 0.5286204218864441 633 744 801 962
core_battery00002460 0.9625003337860107 55 374 265 429
core_battery00002460 0.3706216514110565 53 388 251 417
core_battery00005905 0.9934023022651672 38 351 181 453
core_battery00006024 0.9873855113983154 854 751 973 840
core_battery00006024 0.9852544069290161 1220 372 1318 469
core_battery00006024 0.8449188470840454 1324 374 1396 490
core_battery00006024 0.7264823317527771 1201 365 1408 479
coreless_battery00004738 0.18390050530433655 124 328 247 440
core_battery00002118 0.995090126991272 148 623 281 753
core_battery00005725 0.9715713262557983 51 692 227 844
core_battery00002866 0.9835200905799866 167 338 362 447
core_battery00002866 0.06661557406187057 77 359 208 421
coreless_battery00002185 0.8480386734008789 772 432 857 492
coreless_battery00002185 0.07950983941555023 801 433 843 495
core_battery00001395 0.9862063527107239 1278 379 1444 464
core_battery00001395 0.15971773862838745 1774 748 1878 841
core_battery00000717 0.9911892414093018 82 476 197 553
coreless_battery00003965 0.29894882440567017 179 300 260 376
core_battery00000639 0.9958221912384033 680 329 860 418
core_battery00001475 0.9907625317573547 131 448 250 576
coreless_battery00002302 0.9771840572357178 113 433 260 534
core_battery00004425 0.9965496063232422 805 525 999 649
core_battery00000746 0.9935479760169983 625 744 716 895
coreless_battery00002092 0.9958128333091736 1159 436 1279 577
core_battery00000427 0.9899667501449585 1120 336 1253 456
core_battery00001693 0.9937280416488647 314 667 427 865
core_battery00001693 0.13984280824661255 344 684 402 857
core_battery00001693 0.07961535453796387 368 668 437 859
core_battery00005949 0.9892778396606445 1483 369 1652 470
core_battery00005949 0.9877161383628845 1115 546 1202 674
core_battery00005949 0.23789115250110626 1448 382 1776 486
core_battery00005994 0.9941171407699585 338 341 481 472
coreless_battery00002609 0.27524569630622864 991 323 992 379
coreless_battery00002609 0.17261841893196106 991 579 991 638
core_battery00002785 0.9946781396865845 110 408 330 500
core_battery00001705 0.3917849361896515 1815 574 1902 677
core_battery00001705 0.23364773392677307 1842 570 1888 665
core_battery00001227 0.9914934635162354 1562 367 1697 472
core_battery00001227 0.987906813621521 124 813 202 951
core_battery00001227 0.3889014422893524 159 815 198 944
core_battery00001227 0.050291597843170166 106 792 233 970
core_battery00000535 0.9974822402000427 133 673 310 876
coreless_battery00001545 0.12142231315374374 548 611 696 732
coreless_battery00001545 0.11144483089447021 683 446 771 482
core_battery00002819 0.9873067140579224 963 377 1095 463
core_battery00002819 0.1167721152305603 983 380 1049 460
core_battery00003940 0.9944016337394714 92 445 226 643
core_battery00002581 0.9859806299209595 58 509 143 648
core_battery00001163 0.9947751760482788 754 709 868 797
core_battery00001163 0.27524569630622864 1023 714 1024 770
core_battery00001163 0.27524569630622864 1023 452 1024 511
core_battery00001163 0.1709715574979782 1023 708 1023 767
core_battery00001163 0.17046642303466797 1023 546 1023 606
core_battery00001163 0.17009764909744263 1023 537 1023 598
core_battery00001163 0.16935893893241882 1023 517 1023 578
core_battery00001163 0.16905400156974792 1023 489 1023 550
core_battery00001163 0.1669553518295288 1023 461 1023 524
core_battery00001163 0.1660853624343872 1023 453 1023 516
core_battery00001163 0.15517562627792358 1023 849 1023 958
core_battery00001163 0.15361502766609192 1023 300 1023 396
core_battery00001163 0.08681251853704453 1023 701 1023 765
core_battery00001163 0.08581279963254929 1023 563 1023 628
core_battery00001163 0.05033670365810394 1023 680 1023 745
coreless_battery00005693 0.09980142116546631 1485 705 1631 822
core_battery00005500 0.9924098253250122 224 737 357 941
core_battery00002477 0.9955434203147888 295 417 428 531
core_battery00005029 0.9888351559638977 319 686 447 842
core_battery00001756 0.9925633072853088 1367 687 1476 872
core_battery00000722 0.6571243405342102 1770 537 1816 638
core_battery00000722 0.33287855982780457 1796 551 1816 633
core_battery00000722 0.33276739716529846 1777 550 1800 637
core_battery00000722 0.1695641279220581 1769 548 1791 636
core_battery00000722 0.07722301781177521 1785 555 1807 642
core_battery00000722 0.05433604493737221 1789 528 1819 629
core_battery00000575 0.992946445941925 196 732 293 885
core_battery00002734 0.9461626410484314 436 358 552 438
core_battery00001289 0.9856012463569641 231 422 319 533
core_battery00004104 0.9418226480484009 1000 491 1074 620
core_battery00004104 0.5855225920677185 1027 499 1068 615
core_battery00004104 0.12058986723423004 1002 508 1043 615
core_battery00001295 0.9898056983947754 132 863 276 946
coreless_battery00001618 0.054413843899965286 144 470 243 538
core_battery00000828 0.9873082041740417 237 786 425 924
core_battery00004077 0.9942212104797363 687 394 779 520
core_battery00004077 0.07766749709844589 1096 561 1209 633
core_battery00001084 0.9941599369049072 157 410 284 522
core_battery00004135 0.9942004680633545 602 739 751 865
core_battery00004135 0.06889806687831879 660 745 740 858
core_battery00004497 0.9929666519165039 1751 516 1837 644
core_battery00004497 0.2712107002735138 1786 523 1830 631
core_battery00004497 0.06049102544784546 1719 504 1856 671
core_battery00004497 0.0535401850938797 1760 521 1797 646
core_battery00002529 0.989747166633606 54 410 177 480
core_battery00002529 0.0553344264626503 785 562 859 712
core_battery00004212 0.9919971823692322 599 340 728 439
core_battery00004212 0.907012939453125 248 662 355 779
core_battery00001319 0.9467911124229431 557 404 698 458
core_battery00001319 0.06052988022565842 590 407 662 460
core_battery00000859 0.993657648563385 890 756 1063 884
coreless_battery00004358 0.9922722578048706 1800 403 1923 506
core_battery00004487 0.9817675948143005 1843 622 1974 816
core_battery00004487 0.9596692323684692 1743 617 1998 799
core_battery00004487 0.9381829500198364 1726 626 1877 762
core_battery00004487 0.1134774461388588 1753 633 1823 756
core_battery00004487 0.09722044318914413 1881 639 1943 809
core_battery00002096 0.9908974766731262 332 583 518 717
core_battery00002096 0.9595922827720642 204 584 318 703
core_battery00002096 0.41619107127189636 187 575 568 723
coreless_battery00000347 0.9877730011940002 607 300 757 445
coreless_battery00000347 0.6018701195716858 505 300 800 449
core_battery00000004 0.992335855960846 416 533 506 675
core_battery00004511 0.9816727042198181 487 518 609 654
core_battery00005479 0.9929131865501404 979 364 1081 527
core_battery00004540 0.9927532076835632 798 360 943 465
core_battery00003833 0.9914542436599731 131 385 261 473
core_battery00004235 0.995119571685791 479 814 605 934
core_battery00004235 0.07262077182531357 452 783 657 939
core_battery00005371 0.9890859127044678 1385 627 1481 836
core_battery00005371 0.20310144126415253 1412 633 1463 811
core_battery00005371 0.09193921089172363 1431 637 1485 822
core_battery00002867 0.9251284003257751 355 648 417 784
core_battery00002867 0.18214230239391327 381 648 426 763
core_battery00002867 0.14421239495277405 368 663 395 789
core_battery00002867 0.0875471904873848 339 636 433 816
core_battery00004830 0.9946533441543579 55 735 278 859
core_battery00000538 0.9969297051429749 1117 689 1309 809
core_battery00003141 0.9859623312950134 42 758 174 839
core_battery00003141 0.20845285058021545 66 763 134 838
core_battery00000928 0.9837155938148499 623 383 700 501
core_battery00000928 0.0594499297440052 653 384 683 490
core_battery00000489 0.990723192691803 506 550 601 690
core_battery00002194 0.9936953186988831 171 336 331 514
core_battery00004758 0.7224454283714294 1120 475 1309 554
core_battery00004855 0.9811708927154541 853 409 962 518
core_battery00004855 0.053783319890499115 879 400 935 517
core_battery00003665 0.9933785200119019 81 679 236 819
core_battery00000504 0.9315782785415649 1528 440 1644 517
core_battery00000504 0.35272032022476196 1170 519 1248 686
core_battery00000504 0.15477141737937927 1559 447 1610 520
coreless_battery00002845 0.06050056591629982 249 430 417 539
coreless_battery00000165 0.52360600233078 628 731 735 780
core_battery00004158 0.9698734283447266 960 584 1033 714
core_battery00004158 0.6959883570671082 982 595 1021 707
core_battery00004158 0.0940018817782402 953 601 996 708
core_battery00004158 0.07423040270805359 997 596 1048 700
core_battery00004158 0.05921292304992676 943 558 1064 723
core_battery00001372 0.9897889494895935 1340 668 1451 822
core_battery00000693 0.9947718977928162 1526 433 1707 537
core_battery00001861 0.7054070830345154 479 359 624 474
coreless_battery00004546 0.9927241206169128 1851 765 1973 860
coreless_battery00004546 0.22712640464305878 321 470 369 649
coreless_battery00004546 0.0720524787902832 342 475 375 635
core_battery00003083 0.9861229658126831 1034 399 1176 623
coreless_battery00003264 0.9950271248817444 1469 780 1586 931
coreless_battery00001317 0.07700904458761215 1528 482 1583 556
core_battery00001652 0.993003785610199 1795 770 1980 898
core_battery00003368 0.9449734687805176 791 539 920 653
core_battery00003368 0.40362513065338135 743 514 929 762
core_battery00005586 0.9969563484191895 99 664 291 765
core_battery00003185 0.991201639175415 77 508 187 597
core_battery00004583 0.9914705157279968 263 632 405 735
coreless_battery00000802 0.9886799454689026 1700 416 1796 541
core_battery00003070 0.9925585985183716 86 659 208 771
core_battery00003070 0.05498393625020981 101 662 168 762
core_battery00004724 0.9962473511695862 570 377 778 475
core_battery00004724 0.5262719988822937 281 386 371 427
coreless_battery00002539 0.12768138945102692 289 496 346 603
coreless_battery00000858 0.057012785226106644 1071 335 1266 412
core_battery00004005 0.9970723390579224 122 726 325 835
core_battery00003745 0.996868908405304 913 755 1123 874
core_battery00004200 0.980678379535675 259 375 393 441
core_battery00004200 0.07060262560844421 735 475 847 557
core_battery00004200 0.051269419491291046 230 354 414 461
coreless_battery00005294 0.9873907566070557 1459 496 1580 640
core_battery00002219 0.9960850477218628 296 698 481 798
coreless_battery00003945 0.9928714632987976 649 713 785 825
core_battery00003542 0.9910093545913696 1235 539 1350 682
core_battery00003542 0.1492527425289154 1264 548 1325 680
core_battery00002597 0.9938761591911316 155 743 277 876
core_battery00004990 0.9936829805374146 642 355 828 449
core_battery00004398 0.9927082657814026 769 771 913 905
coreless_battery00000150 0.4966612160205841 49 424 150 591
coreless_battery00000150 0.26892584562301636 90 378 278 449
coreless_battery00000150 0.133891299366951 105 390 267 429
coreless_battery00000150 0.064886175096035 34 369 332 552
core_battery00002087 0.9933484196662903 905 504 1038 615
core_battery00002087 0.27524569630622864 1247 331 1248 389
core_battery00002087 0.27524569630622864 1247 740 1248 795
core_battery00002087 0.08114655315876007 1247 346 1247 411
core_battery00004368 0.9927346706390381 789 371 978 510
core_battery00001236 0.9927937984466553 68 625 205 726
core_battery00003232 0.9917588829994202 1070 741 1186 894
core_battery00005106 0.9744445085525513 557 537 614 677
core_battery00005106 0.8561112880706787 120 402 195 519
core_battery00005106 0.3137519955635071 581 540 613 658
core_battery00005106 0.1325625330209732 563 545 590 668
core_battery00002786 0.9944881796836853 148 712 340 816
core_battery00000656 0.9922141432762146 351 397 461 528
core_battery00000656 0.3722013533115387 192 397 321 537
core_battery00000656 0.23457035422325134 151 396 510 533
core_battery00000656 0.0989295244216919 351 359 472 607
core_battery00001251 0.9957783222198486 47 385 171 480
coreless_battery00000109 0.17769372463226318 1521 461 1606 570
coreless_battery00000109 0.06553322076797485 1533 473 1580 571
core_battery00005685 0.9918530583381653 217 457 371 609
core_battery00000336 0.9934574961662292 662 503 779 585
core_battery00000709 0.9873673915863037 481 828 594 950
core_battery00000709 0.16341665387153625 529 835 587 944
core_battery00001720 0.9904409646987915 179 403 269 527
core_battery00000041 0.9931870698928833 1463 803 1594 919
core_battery00002449 0.9932268261909485 989 762 1119 858
core_battery00003337 0.9959084987640381 743 412 875 564
core_battery00000898 0.9715279936790466 948 377 1020 539
core_battery00000898 0.45452940464019775 974 395 1013 530
core_battery00000898 0.11038977652788162 947 373 985 524
core_battery00000898 0.08487541973590851 929 361 1041 571
core_battery00005648 0.9912015199661255 131 736 228 902
core_battery00005648 0.3387373387813568 125 658 248 933
core_battery00000211 0.990756094455719 279 583 360 704
core_battery00000211 0.059086717665195465 311 589 358 691
coreless_battery00002384 0.27524569630622864 895 670 896 727
coreless_battery00002384 0.27524569630622864 895 446 896 504
coreless_battery00002384 0.27524569630622864 895 646 896 703
coreless_battery00002384 0.27524569630622864 895 651 896 707
coreless_battery00002384 0.27524569630622864 895 800 896 857
coreless_battery00002384 0.16856472194194794 895 507 895 568
coreless_battery00002384 0.16764917969703674 895 665 895 725
coreless_battery00002384 0.165358304977417 895 759 895 820
coreless_battery00002384 0.16410423815250397 895 744 895 804
coreless_battery00002384 0.08789481967687607 895 486 895 550
coreless_battery00002384 0.08055908232927322 895 766 895 831
coreless_battery00002384 0.07692243158817291 895 446 895 512
core_battery00001977 0.9938943982124329 229 748 425 855
core_battery00003485 0.9912731051445007 107 624 197 756
core_battery00005604 0.9784637093544006 144 413 253 489
core_battery00005604 0.17124035954475403 139 377 248 557
core_battery00002330 0.9902018904685974 317 454 433 544
core_battery00002330 0.05176113173365593 348 458 411 540
core_battery00005831 0.9916627407073975 1080 626 1215 754
core_battery00005831 0.13131871819496155 1113 635 1186 747
coreless_battery00005264 0.8694835901260376 596 321 716 361
core_battery00000148 0.9923912882804871 88 409 182 519
core_battery00003634 0.9934050440788269 493 690 607 810
core_battery00005980 0.9523268342018127 39 681 99 847
core_battery00005980 0.2716203033924103 58 684 84 842
core_battery00005980 0.056649915874004364 19 699 134 824
coreless_battery00002060 0.27524569630622864 735 393 736 450
coreless_battery00002060 0.27524569630622864 735 389 736 446
coreless_battery00002060 0.27524569630622864 735 362 736 419
coreless_battery00002060 0.16697153449058533 735 383 735 443
coreless_battery00002060 0.16273309290409088 735 363 735 424
coreless_battery00003106 0.2773212194442749 1461 541 1539 638
core_battery00003905 0.9957661628723145 86 737 306 864
coreless_battery00005304 0.7604820132255554 1078 570 1145 699
core_battery00005151 0.9926077127456665 71 423 199 524
core_battery00005151 0.9835975766181946 224 451 313 581
core_battery00005151 0.9756470918655396 122 575 189 692
core_battery00005151 0.967183530330658 128 836 253 917
core_battery00005151 0.9598409533500671 198 620 296 688
core_battery00005151 0.9494247436523438 223 707 343 791
core_battery00005151 0.946615993976593 268 798 385 880
core_battery00005151 0.9137324094772339 142 696 214 842
core_battery00005151 0.7215067744255066 89 605 327 691
core_battery00005151 0.6982059478759766 127 686 258 942
core_battery00005151 0.6551244854927063 102 702 378 812
core_battery00005151 0.4429633915424347 267 714 369 903
core_battery00005151 0.4218830168247223 113 711 390 908
core_battery00005151 0.26921069622039795 51 420 350 563
core_battery00005151 0.23236079514026642 131 720 274 853
core_battery00005151 0.19250589609146118 109 573 293 931
core_battery00005151 0.15957500040531158 205 397 322 722
core_battery00005151 0.13705287873744965 121 794 422 885
core_battery00005151 0.1093055009841919 211 609 364 894
core_battery00005151 0.10847155004739761 240 641 326 808
core_battery00005151 0.07289660722017288 173 437 347 587
core_battery00005151 0.05285843461751938 113 825 341 914
coreless_battery00003332 0.5715178847312927 604 751 748 788
coreless_battery00003332 0.31053492426872253 601 700 764 797
coreless_battery00003332 0.12867145240306854 617 762 739 798
coreless_battery00003332 0.11001155525445938 607 737 760 779
core_battery00003072 0.994076132774353 155 451 282 578
core_battery00000376 0.9525435566902161 226 384 321 581
core_battery00005110 0.9864566326141357 1361 344 1475 467
core_battery00005110 0.899675726890564 690 683 945 767
core_battery00002553 0.9955359697341919 598 721 730 872
core_battery00000694 0.9842544794082642 320 657 389 815
core_battery00000694 0.18883992731571198 347 663 381 818
core_battery00000146 0.9853600859642029 241 749 339 908
core_battery00000146 0.21258291602134705 144 770 370 897
core_battery00000146 0.09478634595870972 248 805 333 897
core_battery00003454 0.9891380667686462 523 452 644 565
core_battery00003454 0.0543094128370285 551 460 613 562
core_battery00004710 0.9908949136734009 99 412 209 547
core_battery00004710 0.08978179842233658 1323 321 1395 435
core_battery00004710 0.07269205898046494 1342 322 1375 434
core_battery00002538 0.9928088188171387 85 728 183 878
core_battery00004857 0.9875307083129883 1233 705 1341 855
core_battery00004496 0.9940400123596191 926 644 1110 746
core_battery00003430 0.9928467869758606 647 495 775 613
core_battery00003430 0.08738302439451218 1055 348 1055 412
core_battery00003430 0.07696099579334259 1055 300 1055 359
core_battery00002356 0.9954321384429932 1515 392 1727 515
core_battery00002356 0.9926493763923645 701 451 884 551
core_battery00002172 0.9928146600723267 475 475 598 616
core_battery00003798 0.9951229691505432 625 428 811 524
core_battery00002549 0.9878139495849609 1218 484 1354 597
core_battery00002549 0.07416438311338425 1261 496 1320 592
core_battery00003340 0.9941391944885254 202 580 336 692
core_battery00005323 0.9905216693878174 335 685 447 887
core_battery00005462 0.9951897859573364 784 461 919 601
core_battery00005462 0.6463550329208374 1676 508 1790 587
core_battery00005462 0.5852360129356384 1705 692 1788 805
core_battery00002441 0.9745017886161804 455 667 561 807
core_battery00002441 0.9451724886894226 531 624 631 759
core_battery00002441 0.8968658447265625 443 633 638 805
core_battery00002441 0.12939196825027466 572 627 624 755
core_battery00001157 0.9931765794754028 182 482 332 640
core_battery00000348 0.9853891730308533 181 535 292 659
core_battery00000348 0.9778226017951965 1842 654 1913 793
core_battery00000348 0.442383348941803 1857 663 1893 795
core_battery00000348 0.07897800207138062 1885 659 1918 760
core_battery00000348 0.05587839335203171 1876 653 1922 796
coreless_battery00003579 0.9933637380599976 746 497 909 672
core_battery00005618 0.9958781003952026 87 753 251 896
core_battery00005618 0.06492210179567337 71 825 218 890
coreless_battery00000074 0.14009952545166016 1100 648 1286 754
core_battery00002274 0.9848325848579407 1139 357 1233 496
core_battery00002274 0.11354478448629379 1122 363 1295 478
core_battery00005280 0.9950495362281799 1669 480 1857 587
core_battery00003333 0.9932833909988403 58 760 221 878
core_battery00002664 0.991594135761261 104 663 232 824
core_battery00001812 0.986064076423645 57 665 127 793
core_battery00003939 0.9937259554862976 0 325 153 412
core_battery00001696 0.9639151096343994 461 738 548 875
core_battery00001696 0.11395039409399033 492 747 540 863
core_battery00001696 0.05994044989347458 470 754 515 871
coreless_battery00000698 0.16253015398979187 788 540 948 698
core_battery00003885 0.9341731071472168 128 426 251 501
core_battery00005067 0.9906616806983948 639 727 810 843
core_battery00001386 0.9947648048400879 387 709 600 829
core_battery00002255 0.992719292640686 662 583 802 701
core_battery00004807 0.9895499348640442 664 689 746 886
core_battery00004807 0.1648750603199005 681 700 724 879
core_battery00004807 0.06987087428569794 699 687 743 869
coreless_battery00003014 0.09407798945903778 501 363 681 452
core_battery00000416 0.9956340193748474 191 538 297 728
core_battery00000416 0.05170503631234169 148 566 331 714
core_battery00000465 0.9849623441696167 976 514 1114 579
coreless_battery00000650 0.8289303779602051 78 719 178 837
core_battery00001507 0.9515758156776428 760 753 833 912
core_battery00001507 0.6537758111953735 782 763 815 905
core_battery00001507 0.26133546233177185 794 752 834 901
core_battery00001507 0.06859295070171356 758 778 791 909
core_battery00004745 0.9888020753860474 191 659 376 771
core_battery00004745 0.620507538318634 154 391 210 536
core_battery00004745 0.09964035451412201 110 651 375 844
coreless_battery00001637 0.08625612407922745 826 737 1046 826
core_battery00000385 0.9939806461334229 101 472 246 593
core_battery00000661 0.9909980297088623 105 471 217 606
core_battery00002298 0.9864411950111389 1440 334 1539 459
core_battery00002298 0.5723537802696228 1276 400 1352 491
core_battery00002298 0.08533940464258194 1281 407 1323 487
core_battery00002298 0.07264577597379684 1304 412 1343 490
core_battery00002298 0.06371353566646576 1489 340 1540 453
core_battery00004409 0.9881750345230103 369 350 535 453
core_battery00001936 0.9876573085784912 863 464 988 554
core_battery00001936 0.0665324330329895 908 467 967 549
core_battery00004776 0.9551354646682739 676 506 764 656
core_battery00004776 0.36757707595825195 704 520 753 645
core_battery00004776 0.09212435036897659 685 526 730 645
core_battery00002002 0.5827757120132446 150 682 222 802
core_battery00002002 0.07485167682170868 177 684 214 792
core_battery00002674 0.9908215999603271 143 833 255 948
core_battery00002674 0.11459927260875702 188 841 249 942
core_battery00005418 0.9834291338920593 686 554 792 730
coreless_battery00004708 0.41346627473831177 1334 447 1456 521
core_battery00003234 0.9962635636329651 908 771 1107 873
core_battery00003234 0.172743022441864 1183 704 1183 764
core_battery00003234 0.16550566256046295 1183 300 1183 315
core_battery00003234 0.05296407267451286 1183 681 1183 747
core_battery00002145 0.9630197882652283 401 316 571 386
core_battery00002145 0.05885880067944527 431 331 567 372
coreless_battery00001840 0.9939852356910706 1092 423 1207 558
coreless_battery00001840 0.18954910337924957 610 783 807 871
coreless_battery00003952 0.9768642783164978 103 675 218 911
core_battery00005505 0.9922505021095276 1357 792 1564 904
coreless_battery00004514 0.9928702712059021 1785 434 1920 529
core_battery00003691 0.9843304753303528 133 316 219 470
core_battery00003691 0.06020929664373398 157 318 201 476
core_battery00001485 0.9456058740615845 100 373 175 497
core_battery00001485 0.1443614363670349 75 379 253 482
core_battery00003277 0.988741934299469 221 701 340 834
core_battery00000035 0.9894915819168091 1659 353 1774 486
core_battery00000035 0.29487740993499756 1371 444 1450 503
core_battery00000124 0.9911770820617676 96 723 286 826
core_battery00000124 0.9814848899841309 1188 664 1319 762
core_battery00002865 0.9937507510185242 704 429 828 561
core_battery00002865 0.8858698606491089 214 334 358 401
core_battery00001140 0.9910615086555481 892 636 1027 795
core_battery00001140 0.9509503841400146 196 538 283 629
core_battery00001140 0.6469549536705017 214 544 258 631
core_battery00001140 0.06454602628946304 246 532 285 611
coreless_battery00001418 0.052111394703388214 59 567 141 714
core_battery00004871 0.9945476055145264 1195 437 1335 547
core_battery00001698 0.991456925868988 525 722 654 843
core_battery00002983 0.9939706325531006 1520 744 1668 888
core_battery00002959 0.9899740219116211 709 635 844 756
core_battery00002959 0.05018863081932068 666 623 868 797
core_battery00005465 0.9775636792182922 230 469 336 670
core_battery00005465 0.460827499628067 214 434 332 781
